1.5     6.0     270.0   3.3     20.0    3600.0  1.0
1.5     6.0     270.0   3.3     20.0    3600.0  1.0
1.5     6.0     270.0   3.3     20.0    3600.0  1.0
1.5     6.0     270.0   3.3     20.0    3600.0  1.0
1.5     6.0     270.0   3.3     20.0    3600.0  1.0
1.5     6.0     270.0   3.3     20.0    3600.0  1.0
1.5     6.0     270.0   3.3     20.0    3600.0  1.0
1.5     6.0     270.0   3.3     20.0    3600.0  1.0
1.5     6.0     270.0   3.3     20.0    3600.0  1.0
1.5     6.0     270.0   3.3     20.0    3600.0  1.0
1.5     6.0     270.0   3.3     20.0    3600.0  1.0
1.5     6.0     270.0   3.3     20.0    3600.0  1.0
1.5     6.0     270.0   3.3     20.0    3600.0  1.0
1.5     6.0     270.0   3.3     20.0    3600.0  1.0
1.5     6.0     270.0   3.3     20.0    3600.0  1.0
1.5     6.0     270.0   3.3     20.0    3600.0  1.0
1.5     6.0     270.0   3.3     20.0    3600.0  1.0
1.75    6.5     270.0   3.3     20.0    3600.0  1.0
2.0     7.0     270.0   3.3     20.0    3600.0  1.0
2.25    7.5     270.0   3.3     20.0    3600.0  1.0
2.5     8.0     270.0   3.3     20.0    3600.0  1.0
2.75    8.5     270.0   3.3     20.0    3600.0  1.0
3.0     9.0     270.0   3.3     20.0    3600.0  1.0
3.25    9.5     270.0   3.3     20.0    3600.0  1.0
3.5     10.0    270.0   3.3     20.0    3600.0  1.0
3.25    9.5     270.0   3.3     20.0    3600.0  1.0
3.0     9.0     270.0   3.3     20.0    3600.0  1.0
2.75    8.5     270.0   3.3     20.0    3600.0  1.0
2.5     8.0     270.0   3.3     20.0    3600.0  1.0
2.5     8.0     270.0   3.3     20.0    3600.0  1.0
2.5     8.0     270.0   3.3     20.0    3600.0  1.0
2.5     8.0     270.0   3.3     20.0    3600.0  1.0
2.5     8.0     270.0   3.3     20.0    3600.0  1.0
2.5     8.0     270.0   3.3     20.0    3600.0  1.0
2.5     8.0     270.0   3.3     20.0    3600.0  1.0
2.5     8.0     270.0   3.3     20.0    3600.0  1.0
2.5     8.0     270.0   3.3     20.0    3600.0  1.0
2.5     8.0     270.0   3.3     20.0    3600.0  1.0
2.5     8.0     270.0   3.3     20.0    3600.0  1.0
2.5     8.0     270.0   3.3     20.0    3600.0  1.0
2.5     8.0     270.0   3.3     20.0    3600.0  1.0
2.5     8.0     270.0   3.3     20.0    3600.0  1.0
2.5     8.0     270.0   3.3     20.0    3600.0  1.0
2.5     8.0     270.0   3.3     20.0    3600.0  1.0
2.5     8.0     270.0   3.3     20.0    3600.0  1.0
2.5     8.0     270.0   3.3     20.0    3600.0  1.0
2.5     8.0     270.0   3.3     20.0    3600.0  1.0
2.5     8.0     270.0   3.3     20.0    3600.0  1.0
2.5     8.0     270.0   3.3     20.0    3600.0  1.0
2.5     8.0     270.0   3.3     20.0    3600.0  1.0
